(4,),(-61,),(108,)
(3,),(-61,),(106,)
(3,),(-61,),(106,)
(3,),(-61,),(106,)
(3,),(-61,),(106,)
(4,),(-60,),(108,)
(4,),(-60,),(108,)
(4,),(-60,),(108,)
(4,),(-60,),(108,)
(4,),(-60,),(107,)
(4,),(-60,),(107,)
(4,),(-60,),(107,)
(4,),(-61,),(106,)
(4,),(-61,),(106,)
(4,),(-61,),(106,)
(4,),(-61,),(106,)
(3,),(-60,),(106,)
(3,),(-60,),(106,)
(3,),(-60,),(106,)
(5,),(-61,),(108,)
(5,),(-61,),(108,)
(5,),(-61,),(108,)
(5,),(-61,),(108,)
(4,),(-60,),(107,)
(4,),(-60,),(107,)
(4,),(-60,),(107,)
(4,),(-60,),(107,)
(4,),(-60,),(107,)
(4,),(-60,),(107,)
(4,),(-60,),(107,)
(3,),(-60,),(107,)
(3,),(-60,),(107,)
(3,),(-60,),(107,)
(3,),(-60,),(107,)
(3,),(-60,),(106,)
(3,),(-60,),(106,)
(3,),(-60,),(106,)
(3,),(-60,),(106,)
(4,),(-61,),(106,)
(4,),(-61,),(106,)
(4,),(-61,),(106,)
(4,),(-61,),(106,)
(4,),(-61,),(106,)
(4,),(-61,),(106,)
(4,),(-61,),(106,)
(3,),(-61,),(107,)
(3,),(-61,),(107,)
(3,),(-61,),(107,)
(3,),(-61,),(107,)
(4,),(-60,),(107,)
(4,),(-60,),(107,)
(4,),(-60,),(107,)
(4,),(-60,),(107,)
(4,),(-61,),(107,)
(4,),(-61,),(107,)
(4,),(-59,),(108,)
(4,),(-59,),(108,)
(4,),(-59,),(108,)
(4,),(-59,),(108,)
(3,),(-60,),(107,)
(3,),(-60,),(107,)
(3,),(-60,),(107,)
(3,),(-60,),(107,)
(3,),(-60,),(108,)
(3,),(-60,),(108,)
(3,),(-60,),(108,)
(3,),(-60,),(108,)
(5,),(-61,),(107,)
(5,),(-61,),(107,)
(5,),(-61,),(107,)
(5,),(-61,),(107,)
(4,),(-61,),(107,)
(4,),(-61,),(107,)
(4,),(-61,),(107,)
(4,),(-61,),(107,)
(4,),(-60,),(106,)
(4,),(-60,),(106,)
(4,),(-60,),(106,)
(4,),(-60,),(106,)
(4,),(-61,),(105,)
(4,),(-61,),(105,)
(5,),(-60,),(108,)
(5,),(-60,),(108,)
(4,),(-60,),(107,)
(4,),(-60,),(107,)
(4,),(-60,),(107,)
(4,),(-60,),(107,)
(4,),(-60,),(107,)
(4,),(-60,),(107,)
(4,),(-60,),(107,)
(4,),(-60,),(107,)
(3,),(-60,),(107,)
(3,),(-60,),(107,)
(3,),(-60,),(107,)
(3,),(-60,),(107,)
(4,),(-60,),(108,)
(4,),(-60,),(108,)
(4,),(-60,),(108,)
(3,),(-60,),(105,)
(3,),(-60,),(105,)
(3,),(-60,),(105,)
(3,),(-60,),(105,)
(4,),(-61,),(107,)
(4,),(-61,),(107,)
(4,),(-61,),(107,)
(4,),(-61,),(107,)
(5,),(-61,),(106,)
(5,),(-61,),(106,)
(5,),(-61,),(106,)
(4,),(-60,),(107,)
(4,),(-60,),(107,)
(4,),(-60,),(107,)
(4,),(-60,),(107,)
(3,),(-60,),(107,)
(3,),(-60,),(107,)
(3,),(-60,),(107,)
(3,),(-60,),(107,)
(4,),(-60,),(107,)
(4,),(-60,),(107,)
(4,),(-60,),(107,)
(4,),(-60,),(107,)
(3,),(-60,),(107,)
(3,),(-60,),(107,)
(3,),(-60,),(107,)
(3,),(-60,),(107,)
(3,),(-60,),(108,)
(3,),(-60,),(108,)
(3,),(-60,),(108,)
(3,),(-61,),(106,)
(3,),(-61,),(106,)
(3,),(-61,),(106,)
(3,),(-61,),(106,)
(3,),(-61,),(106,)
(3,),(-61,),(106,)
(3,),(-61,),(106,)
(4,),(-59,),(109,)
(4,),(-59,),(109,)
(4,),(-59,),(109,)
(4,),(-59,),(109,)
(4,),(-61,),(107,)
(4,),(-61,),(107,)
(4,),(-61,),(107,)
(4,),(-61,),(107,)
(4,),(-61,),(108,)
(4,),(-61,),(108,)
(4,),(-61,),(108,)
(4,),(-61,),(108,)
(3,),(-60,),(106,)
(3,),(-60,),(106,)
(3,),(-60,),(106,)
(3,),(-60,),(106,)
(2,),(-59,),(107,)
(2,),(-59,),(107,)
(2,),(-59,),(107,)
(4,),(-61,),(108,)
(4,),(-61,),(108,)
(4,),(-61,),(108,)
(4,),(-61,),(108,)
(3,),(-60,),(106,)
(3,),(-60,),(106,)
(3,),(-60,),(106,)
(3,),(-60,),(106,)
(3,),(-60,),(106,)
(3,),(-60,),(106,)
(4,),(-60,),(105,)
(4,),(-60,),(105,)
(4,),(-60,),(105,)
(4,),(-60,),(105,)
(3,),(-59,),(107,)
(3,),(-59,),(107,)
(3,),(-59,),(107,)
(3,),(-60,),(108,)
(3,),(-60,),(108,)
(3,),(-60,),(108,)
(3,),(-60,),(108,)
(3,),(-61,),(106,)
(3,),(-61,),(106,)
(3,),(-61,),(106,)
(3,),(-61,),(106,)
(4,),(-60,),(107,)
(4,),(-60,),(107,)
(4,),(-60,),(107,)
(4,),(-60,),(107,)
(4,),(-61,),(107,)
(4,),(-61,),(107,)
(4,),(-61,),(107,)
(4,),(-61,),(107,)
(3,),(-60,),(106,)
(3,),(-60,),(106,)
(4,),(-59,),(105,)
(4,),(-59,),(105,)
(4,),(-59,),(105,)
(4,),(-59,),(105,)
(3,),(-60,),(106,)
(3,),(-60,),(106,)
(3,),(-60,),(106,)
(3,),(-60,),(106,)
(3,),(-60,),(105,)
(3,),(-60,),(105,)
(3,),(-60,),(105,)
(3,),(-60,),(105,)
(4,),(-61,),(108,)
(4,),(-61,),(108,)
(4,),(-61,),(108,)
(4,),(-61,),(108,)
(3,),(-60,),(107,)
(3,),(-60,),(107,)
(3,),(-60,),(107,)
(3,),(-60,),(107,)
(4,),(-60,),(106,)
(4,),(-60,),(106,)
(4,),(-60,),(106,)
(4,),(-60,),(106,)
(4,),(-60,),(106,)
(4,),(-60,),(106,)
(4,),(-60,),(106,)
(4,),(-60,),(107,)
(4,),(-60,),(107,)
(4,),(-60,),(107,)
(4,),(-60,),(107,)
(4,),(-60,),(106,)
(4,),(-60,),(106,)
(4,),(-60,),(106,)
(4,),(-60,),(106,)
(2,),(-61,),(106,)
(2,),(-61,),(106,)
(2,),(-61,),(106,)
(2,),(-61,),(106,)
(4,),(-60,),(106,)
(4,),(-60,),(106,)
(4,),(-60,),(106,)
(4,),(-60,),(106,)
(4,),(-59,),(107,)
(4,),(-59,),(107,)
(4,),(-59,),(107,)
(4,),(-59,),(107,)
(5,),(-61,),(107,)
(5,),(-61,),(107,)
(5,),(-61,),(107,)
(5,),(-61,),(107,)
(3,),(-60,),(108,)
(3,),(-60,),(108,)
(3,),(-60,),(108,)
(3,),(-60,),(107,)
(3,),(-60,),(107,)
(3,),(-60,),(107,)
(3,),(-60,),(107,)
(3,),(-60,),(107,)
(3,),(-60,),(107,)
(3,),(-60,),(107,)
(4,),(-62,),(107,)
(4,),(-62,),(107,)
(4,),(-62,),(107,)
(4,),(-60,),(106,)
(4,),(-60,),(106,)
(4,),(-60,),(106,)
(4,),(-60,),(106,)
(4,),(-60,),(106,)
(4,),(-60,),(106,)
(4,),(-60,),(106,)
(4,),(-60,),(106,)
(3,),(-60,),(108,)
(3,),(-60,),(108,)
(3,),(-60,),(108,)
(3,),(-60,),(108,)
(4,),(-60,),(106,)
(4,),(-60,),(106,)
(4,),(-60,),(106,)
(4,),(-60,),(106,)
(4,),(-60,),(109,)
(4,),(-60,),(109,)
(4,),(-60,),(109,)
(3,),(-60,),(108,)
(3,),(-60,),(108,)
(3,),(-60,),(108,)
(3,),(-60,),(108,)
(3,),(-61,),(106,)
(3,),(-61,),(106,)
(3,),(-61,),(106,)
(3,),(-61,),(106,)
(4,),(-60,),(107,)
(4,),(-60,),(107,)
(4,),(-60,),(107,)
(4,),(-61,),(107,)
(4,),(-61,),(107,)
(4,),(-61,),(107,)
(4,),(-61,),(107,)
(4,),(-61,),(107,)
(4,),(-61,),(107,)
(4,),(-61,),(107,)
(3,),(-61,),(107,)
(3,),(-61,),(107,)
(3,),(-61,),(107,)
(3,),(-61,),(107,)
(4,),(-61,),(107,)
(4,),(-61,),(107,)
(4,),(-61,),(107,)
(5,),(-61,),(107,)
(5,),(-61,),(107,)
(5,),(-61,),(107,)
(5,),(-61,),(107,)
(3,),(-59,),(108,)
(3,),(-59,),(108,)
(3,),(-59,),(108,)
(3,),(-59,),(108,)
(4,),(-59,),(106,)
(4,),(-59,),(106,)
(4,),(-59,),(106,)
(4,),(-59,),(106,)
(4,),(-60,),(106,)
(4,),(-60,),(106,)
(4,),(-60,),(106,)
(4,),(-60,),(106,)
(5,),(-60,),(107,)
(5,),(-60,),(107,)
(5,),(-60,),(107,)
(5,),(-60,),(107,)
(4,),(-61,),(107,)
(4,),(-61,),(107,)
(4,),(-61,),(107,)
(4,),(-61,),(107,)
(4,),(-61,),(107,)
(4,),(-61,),(107,)
(4,),(-61,),(107,)
(4,),(-60,),(107,)
(4,),(-60,),(107,)
(3,),(-61,),(107,)
(3,),(-61,),(107,)
(3,),(-61,),(107,)
(3,),(-61,),(107,)
(3,),(-61,),(106,)
(3,),(-61,),(106,)
(3,),(-61,),(106,)
(3,),(-61,),(106,)
(4,),(-61,),(106,)
(4,),(-61,),(106,)
(4,),(-61,),(106,)
(4,),(-61,),(106,)
(3,),(-61,),(106,)
(3,),(-61,),(106,)
(3,),(-61,),(106,)
(3,),(-61,),(106,)
(4,),(-61,),(106,)
(4,),(-61,),(106,)
(4,),(-61,),(106,)
(4,),(-61,),(106,)
(4,),(-59,),(107,)
(4,),(-59,),(107,)
(4,),(-59,),(107,)
(4,),(-59,),(107,)
(3,),(-61,),(106,)
(3,),(-61,),(106,)
(4,),(-60,),(105,)
(4,),(-60,),(105,)
(4,),(-60,),(105,)
(4,),(-60,),(105,)
(4,),(-60,),(106,)
(4,),(-60,),(106,)
(4,),(-60,),(106,)
(4,),(-60,),(106,)
(4,),(-61,),(106,)
(4,),(-61,),(106,)
(4,),(-61,),(106,)
(4,),(-61,),(106,)
(4,),(-60,),(107,)
(4,),(-60,),(107,)
(4,),(-60,),(107,)
(4,),(-60,),(107,)
(4,),(-60,),(107,)
(4,),(-60,),(107,)
(4,),(-60,),(107,)
(4,),(-60,),(107,)
(4,),(-60,),(106,)
(4,),(-60,),(106,)
(4,),(-60,),(106,)
(4,),(-60,),(106,)
(4,),(-61,),(108,)
(4,),(-61,),(108,)
(3,),(-61,),(106,)
(3,),(-61,),(106,)
(3,),(-61,),(106,)
(3,),(-61,),(106,)
(3,),(-61,),(106,)
(3,),(-61,),(106,)
(3,),(-61,),(106,)
(3,),(-61,),(106,)
(4,),(-61,),(105,)
(4,),(-61,),(105,)
(4,),(-61,),(105,)
(4,),(-61,),(105,)
(4,),(-61,),(106,)
(4,),(-61,),(106,)
(4,),(-61,),(106,)
(4,),(-61,),(106,)
(4,),(-61,),(105,)
(4,),(-61,),(105,)
(4,),(-61,),(105,)
(4,),(-61,),(105,)
(4,),(-60,),(107,)
(4,),(-60,),(107,)
(4,),(-60,),(107,)
(4,),(-60,),(107,)
(3,),(-59,),(107,)
(3,),(-59,),(107,)
(3,),(-59,),(107,)
(4,),(-60,),(106,)
(4,),(-60,),(106,)
(4,),(-60,),(106,)
(3,),(-60,),(107,)
(3,),(-60,),(107,)
(3,),(-60,),(107,)
(3,),(-60,),(107,)
(4,),(-61,),(107,)
(4,),(-61,),(107,)
(4,),(-61,),(107,)
(4,),(-61,),(107,)
(4,),(-60,),(107,)
(4,),(-60,),(107,)
(4,),(-60,),(107,)
(4,),(-60,),(107,)
(4,),(-60,),(107,)
(4,),(-60,),(107,)
(4,),(-60,),(107,)
(4,),(-60,),(107,)
(4,),(-61,),(106,)
(4,),(-61,),(106,)
(4,),(-61,),(106,)
(4,),(-60,),(106,)
(4,),(-60,),(106,)
(4,),(-60,),(106,)
(4,),(-60,),(106,)
(4,),(-59,),(107,)
(5,),(-59,),(107,)
(3,),(-61,),(106,)
(3,),(-61,),(106,)
(3,),(-61,),(106,)
(4,),(-59,),(107,)
(4,),(-59,),(107,)
(4,),(-59,),(107,)
(4,),(-59,),(107,)
(5,),(-60,),(107,)
(5,),(-60,),(107,)
(5,),(-60,),(107,)
(5,),(-60,),(107,)
(4,),(-60,),(107,)
(4,),(-60,),(107,)
(4,),(-60,),(107,)
(4,),(-60,),(107,)
(3,),(-60,),(107,)
(3,),(-60,),(107,)
(3,),(-60,),(107,)
(3,),(-60,),(107,)
(3,),(-60,),(107,)
(3,),(-60,),(107,)
(3,),(-60,),(107,)
(3,),(-60,),(107,)
(3,),(-60,),(106,)
(3,),(-60,),(106,)
(3,),(-60,),(106,)
(4,),(-60,),(106,)
(4,),(-60,),(106,)
(4,),(-60,),(106,)
(5,),(-61,),(107,)
(5,),(-61,),(107,)
(5,),(-61,),(107,)
(5,),(-61,),(107,)
(3,),(-60,),(107,)
(3,),(-60,),(107,)
(3,),(-60,),(107,)
(3,),(-60,),(107,)
(4,),(-61,),(107,)
(4,),(-61,),(107,)
(4,),(-61,),(107,)
(3,),(-60,),(108,)
(3,),(-60,),(108,)
(3,),(-60,),(108,)
(3,),(-60,),(108,)
(4,),(-60,),(107,)
(4,),(-60,),(107,)
(4,),(-60,),(107,)
(4,),(-60,),(107,)
(3,),(-61,),(106,)
(3,),(-61,),(106,)
(3,),(-61,),(106,)
(3,),(-61,),(106,)
(3,),(-60,),(107,)
(3,),(-60,),(107,)
(3,),(-60,),(107,)
(4,),(-61,),(108,)
(4,),(-61,),(108,)
(4,),(-61,),(108,)
(4,),(-61,),(108,)
(4,),(-61,),(106,)
(4,),(-61,),(106,)
(4,),(-61,),(106,)
(4,),(-61,),(106,)
(3,),(-60,),(107,)
(3,),(-60,),(107,)
(3,),(-60,),(107,)
(3,),(-60,),(107,)
(3,),(-61,),(105,)
(3,),(-61,),(105,)
(3,),(-61,),(105,)
(3,),(-61,),(105,)
(4,),(-61,),(106,)
(4,),(-61,),(106,)
(4,),(-61,),(106,)
(4,),(-60,),(107,)
(4,),(-60,),(107,)
(4,),(-60,),(107,)
(4,),(-60,),(107,)
(3,),(-60,),(107,)
(3,),(-60,),(107,)
(3,),(-60,),(107,)
(4,),(-60,),(107,)
(4,),(-60,),(107,)
(4,),(-60,),(107,)
(4,),(-60,),(107,)
(4,),(-60,),(107,)
(4,),(-60,),(107,)
(4,),(-60,),(107,)
(4,),(-60,),(107,)
(4,),(-60,),(107,)
(4,),(-60,),(107,)
(4,),(-60,),(107,)
(4,),(-60,),(107,)
(4,),(-61,),(107,)
(4,),(-61,),(107,)
(4,),(-61,),(107,)
(4,),(-61,),(107,)
(4,),(-61,),(107,)
(4,),(-61,),(107,)
(4,),(-61,),(107,)
(4,),(-61,),(107,)
(4,),(-61,),(106,)
(4,),(-61,),(106,)
(4,),(-61,),(106,)
(4,),(-60,),(106,)
(4,),(-60,),(106,)
(4,),(-60,),(106,)
(3,),(-61,),(106,)
(3,),(-61,),(106,)
(3,),(-61,),(106,)
(3,),(-61,),(106,)
(3,),(-59,),(108,)
(3,),(-59,),(108,)
(3,),(-59,),(108,)
(3,),(-60,),(107,)
(3,),(-60,),(107,)
(3,),(-60,),(107,)
(3,),(-60,),(107,)
(4,),(-60,),(107,)
(4,),(-60,),(107,)
(4,),(-60,),(107,)
(4,),(-60,),(107,)
(3,),(-60,),(107,)
(3,),(-60,),(107,)
(3,),(-60,),(107,)
(3,),(-60,),(107,)
(4,),(-60,),(108,)
(4,),(-60,),(108,)
(4,),(-60,),(108,)
(4,),(-60,),(108,)
(5,),(-60,),(107,)
(5,),(-60,),(107,)
(5,),(-60,),(107,)
(4,),(-61,),(106,)
(4,),(-61,),(106,)
(4,),(-61,),(106,)
(4,),(-60,),(106,)
(4,),(-60,),(106,)
(4,),(-60,),(106,)
(4,),(-60,),(106,)
(4,),(-60,),(106,)
(4,),(-60,),(106,)
(4,),(-60,),(106,)
(3,),(-60,),(107,)
(3,),(-60,),(107,)
(3,),(-60,),(107,)
(3,),(-60,),(107,)
(4,),(-61,),(106,)
(4,),(-61,),(106,)
(4,),(-61,),(106,)
(4,),(-61,),(106,)
(4,),(-61,),(107,)
(4,),(-61,),(107,)
(4,),(-61,),(107,)
(4,),(-61,),(107,)
(3,),(-61,),(106,)
(3,),(-61,),(106,)
(3,),(-61,),(106,)
(3,),(-61,),(106,)
(3,),(-60,),(106,)
(3,),(-60,),(106,)
(3,),(-60,),(106,)
(3,),(-60,),(107,)
(3,),(-60,),(107,)
(3,),(-60,),(107,)
(3,),(-60,),(107,)
(4,),(-59,),(108,)
(4,),(-59,),(108,)
(4,),(-59,),(108,)
(4,),(-60,),(108,)
(4,),(-60,),(108,)
(4,),(-60,),(108,)
(4,),(-60,),(108,)
(3,),(-61,),(106,)
(3,),(-61,),(106,)
(3,),(-61,),(106,)
(3,),(-61,),(106,)
(3,),(-60,),(107,)
(3,),(-60,),(107,)
(3,),(-60,),(107,)
(3,),(-60,),(107,)
(4,),(-61,),(106,)
(4,),(-61,),(106,)
(4,),(-61,),(106,)
(4,),(-61,),(106,)
(4,),(-61,),(107,)
(4,),(-61,),(107,)
(4,),(-61,),(107,)
(3,),(-60,),(106,)
(3,),(-60,),(106,)
(3,),(-60,),(106,)
(3,),(-60,),(106,)
(3,),(-60,),(107,)
(3,),(-60,),(107,)
(3,),(-60,),(107,)
(3,),(-60,),(107,)
(4,),(-60,),(106,)
(4,),(-60,),(106,)
(4,),(-60,),(106,)
(4,),(-60,),(106,)
(3,),(-61,),(106,)
(3,),(-61,),(106,)
(3,),(-61,),(106,)
(4,),(-60,),(107,)
(4,),(-60,),(107,)
(4,),(-60,),(107,)
(4,),(-60,),(107,)
(4,),(-60,),(107,)
(4,),(-60,),(107,)
(4,),(-60,),(107,)
(4,),(-60,),(107,)
(4,),(-59,),(107,)
(4,),(-59,),(107,)
(4,),(-59,),(107,)
(5,),(-63,),(107,)
(5,),(-63,),(107,)
(5,),(-63,),(107,)
(5,),(-63,),(107,)
(4,),(-61,),(108,)
(4,),(-61,),(108,)
(4,),(-61,),(108,)
(4,),(-61,),(108,)
(4,),(-60,),(106,)
(4,),(-60,),(106,)
(4,),(-60,),(106,)
(4,),(-60,),(106,)
(4,),(-60,),(106,)
(4,),(-60,),(106,)
(4,),(-60,),(106,)
(4,),(-60,),(106,)
(4,),(-61,),(108,)
(4,),(-61,),(108,)
(4,),(-61,),(108,)
(4,),(-61,),(108,)
(4,),(-60,),(107,)
(4,),(-60,),(107,)
(4,),(-60,),(107,)
(4,),(-60,),(107,)
(4,),(-60,),(108,)
(4,),(-60,),(108,)
(4,),(-60,),(108,)
(4,),(-60,),(107,)
(4,),(-60,),(107,)
(4,),(-60,),(107,)
(3,),(-60,),(106,)
(3,),(-60,),(106,)
(3,),(-60,),(106,)
(3,),(-60,),(106,)
(4,),(-60,),(107,)
(4,),(-60,),(107,)
(4,),(-60,),(107,)
(4,),(-60,),(107,)
(4,),(-59,),(106,)
(4,),(-59,),(106,)
(4,),(-59,),(106,)
(4,),(-59,),(106,)
(4,),(-60,),(107,)
(4,),(-60,),(107,)
(4,),(-60,),(107,)
(4,),(-60,),(107,)
(4,),(-60,),(107,)
(4,),(-60,),(107,)
(4,),(-60,),(107,)
(5,),(-61,),(105,)
(5,),(-61,),(105,)
(5,),(-61,),(105,)
(5,),(-61,),(105,)
(4,),(-61,),(106,)
(4,),(-61,),(106,)
(3,),(-60,),(106,)
(3,),(-60,),(106,)
(3,),(-60,),(106,)
(4,),(-60,),(108,)
(4,),(-60,),(108,)
(4,),(-60,),(108,)
(4,),(-60,),(108,)
(4,),(-59,),(107,)
(4,),(-59,),(107,)
(4,),(-59,),(107,)
(4,),(-59,),(107,)
(4,),(-59,),(106,)
(4,),(-59,),(106,)
(4,),(-59,),(106,)
(4,),(-59,),(106,)
(4,),(-61,),(107,)
(4,),(-61,),(107,)
(4,),(-61,),(107,)
(4,),(-61,),(107,)
(4,),(-60,),(105,)
(4,),(-60,),(105,)
(4,),(-60,),(105,)
(4,),(-60,),(105,)
(4,),(-60,),(105,)
(4,),(-60,),(105,)
(4,),(-60,),(105,)
(3,),(-60,),(106,)
(3,),(-60,),(106,)
(3,),(-60,),(106,)
(3,),(-60,),(106,)
(5,),(-60,),(106,)
(5,),(-60,),(106,)
(5,),(-60,),(106,)
(5,),(-60,),(106,)
(3,),(-60,),(108,)
(3,),(-60,),(108,)
(3,),(-60,),(108,)
(3,),(-60,),(108,)
(3,),(-59,),(106,)
(3,),(-59,),(106,)
(3,),(-59,),(106,)
(3,),(-59,),(106,)
(4,),(-60,),(107,)
(4,),(-60,),(107,)
(4,),(-60,),(107,)
(4,),(-60,),(107,)
(4,),(-59,),(106,)
(4,),(-59,),(106,)
(4,),(-59,),(106,)
(4,),(-61,),(107,)
(4,),(-61,),(107,)
(4,),(-61,),(107,)
(4,),(-61,),(107,)
(3,),(-60,),(105,)
(3,),(-60,),(105,)
(3,),(-60,),(105,)
(4,),(-60,),(105,)
(4,),(-60,),(105,)
(4,),(-60,),(105,)
(4,),(-60,),(105,)
(4,),(-60,),(107,)
(4,),(-60,),(107,)
(4,),(-60,),(107,)
(4,),(-60,),(107,)
(3,),(-60,),(106,)
(3,),(-60,),(106,)
(3,),(-60,),(106,)
(3,),(-60,),(106,)
(4,),(-60,),(105,)
(4,),(-60,),(105,)
(4,),(-60,),(105,)
(4,),(-60,),(105,)
(4,),(-61,),(108,)
(4,),(-61,),(108,)
(4,),(-61,),(108,)
(4,),(-61,),(108,)
(3,),(-60,),(106,)
(3,),(-60,),(106,)
(3,),(-60,),(106,)
(3,),(-60,),(106,)
(3,),(-60,),(108,)
(3,),(-60,),(108,)
(3,),(-59,),(108,)
(3,),(-59,),(108,)
(3,),(-59,),(108,)
(3,),(-59,),(108,)
(3,),(-60,),(106,)
(3,),(-60,),(106,)
(3,),(-60,),(106,)
(3,),(-60,),(106,)
(3,),(-60,),(107,)
(3,),(-60,),(107,)
(3,),(-60,),(107,)
(3,),(-60,),(107,)
(4,),(-61,),(106,)
(4,),(-61,),(106,)
(4,),(-61,),(106,)
(4,),(-61,),(106,)
(3,),(-60,),(106,)
(3,),(-60,),(106,)
(3,),(-60,),(106,)
(3,),(-60,),(106,)
(5,),(-61,),(106,)
(5,),(-61,),(106,)
(5,),(-61,),(106,)
(5,),(-61,),(106,)
(3,),(-60,),(107,)
(3,),(-60,),(107,)
(3,),(-60,),(108,)
(3,),(-60,),(108,)
(3,),(-60,),(108,)
(3,),(-60,),(108,)
(2,),(-59,),(108,)
(2,),(-59,),(108,)
(2,),(-59,),(108,)
(2,),(-59,),(108,)
(3,),(-60,),(108,)
(3,),(-60,),(108,)
(3,),(-60,),(108,)
(3,),(-60,),(108,)
(3,),(-59,),(107,)
(3,),(-59,),(107,)
(3,),(-59,),(107,)
(3,),(-59,),(107,)
(4,),(-60,),(107,)
(4,),(-60,),(107,)
(4,),(-60,),(107,)
(4,),(-60,),(107,)
(3,),(-60,),(107,)
(3,),(-60,),(107,)
(3,),(-60,),(107,)
(4,),(-60,),(107,)
(4,),(-60,),(107,)
(4,),(-60,),(107,)
(4,),(-60,),(106,)
(4,),(-60,),(106,)
(4,),(-60,),(106,)
(4,),(-60,),(106,)
(4,),(-61,),(107,)
(4,),(-61,),(107,)
(4,),(-61,),(107,)
(3,),(-60,),(106,)
(3,),(-60,),(106,)
(3,),(-60,),(106,)
(3,),(-60,),(106,)
(4,),(-60,),(107,)
(4,),(-60,),(107,)
(4,),(-60,),(107,)
(4,),(-60,),(107,)
(3,),(-61,),(106,)
(3,),(-61,),(106,)
(3,),(-61,),(106,)
(4,),(-61,),(108,)
(4,),(-61,),(108,)
(4,),(-61,),(108,)
(4,),(-61,),(108,)
(4,),(-61,),(107,)
(4,),(-61,),(107,)
(4,),(-61,),(107,)
(4,),(-61,),(107,)
(4,),(-60,),(108,)
(3,),(-60,),(104,)
(3,),(-60,),(104,)
(3,),(-60,),(104,)
(4,),(-60,),(107,)
(4,),(-60,),(107,)
(4,),(-60,),(107,)
(4,),(-60,),(107,)
(3,),(-60,),(108,)
(3,),(-60,),(108,)
(3,),(-60,),(108,)
(3,),(-60,),(108,)
(4,),(-60,),(107,)
(4,),(-60,),(107,)
(4,),(-60,),(107,)
(4,),(-60,),(107,)
(4,),(-61,),(106,)
(4,),(-61,),(106,)
(4,),(-61,),(106,)
(4,),(-61,),(107,)
(4,),(-61,),(107,)
(4,),(-61,),(107,)
(4,),(-61,),(107,)
(4,),(-61,),(108,)
(4,),(-61,),(108,)
(4,),(-61,),(108,)
(4,),(-61,),(108,)
(4,),(-60,),(106,)
(4,),(-60,),(106,)
(3,),(-61,),(109,)
(3,),(-61,),(109,)
(3,),(-61,),(109,)
(3,),(-61,),(109,)
(3,),(-59,),(107,)
(3,),(-59,),(107,)
(3,),(-59,),(107,)
(3,),(-59,),(107,)
(5,),(-59,),(107,)
(5,),(-59,),(107,)
(5,),(-59,),(107,)
(5,),(-59,),(107,)
(4,),(-60,),(107,)
(4,),(-60,),(107,)
(4,),(-60,),(107,)
(4,),(-60,),(107,)
(4,),(-60,),(106,)
(4,),(-60,),(106,)
(4,),(-60,),(106,)
(4,),(-60,),(106,)
(4,),(-59,),(106,)
(4,),(-59,),(106,)
(4,),(-59,),(106,)
(4,),(-59,),(106,)
(3,),(-61,),(107,)
(3,),(-61,),(107,)
(2,),(-62,),(106,)
(2,),(-62,),(106,)
(2,),(-62,),(106,)
(2,),(-62,),(106,)
(4,),(-61,),(107,)
(4,),(-61,),(107,)
(4,),(-61,),(107,)
(4,),(-61,),(107,)
(4,),(-61,),(105,)
(4,),(-61,),(105,)
(4,),(-61,),(105,)
(4,),(-61,),(105,)
(4,),(-60,),(106,)
(4,),(-60,),(106,)
(4,),(-60,),(106,)
(4,),(-60,),(106,)
(4,),(-60,),(106,)
(4,),(-60,),(106,)
(4,),(-60,),(106,)
(4,),(-60,),(106,)
(5,),(-60,),(106,)
(5,),(-60,),(106,)
(5,),(-60,),(106,)
(5,),(-60,),(106,)
(3,),(-59,),(107,)
(3,),(-59,),(107,)
(3,),(-59,),(107,)
(3,),(-60,),(108,)
(3,),(-60,),(108,)
(3,),(-60,),(108,)
(3,),(-59,),(107,)
(3,),(-59,),(107,)
(3,),(-59,),(107,)
(3,),(-59,),(107,)
(3,),(-61,),(107,)
(3,),(-61,),(107,)
(3,),(-61,),(107,)
(3,),(-61,),(107,)
(3,),(-60,),(107,)
(3,),(-60,),(107,)
(3,),(-60,),(107,)
(3,),(-60,),(107,)
(4,),(-60,),(106,)
(4,),(-60,),(106,)
(4,),(-60,),(106,)
(4,),(-60,),(106,)
(3,),(-61,),(108,)
(3,),(-61,),(108,)
(3,),(-61,),(108,)
(3,),(-61,),(108,)
(3,),(-60,),(105,)
(3,),(-60,),(105,)
(3,),(-60,),(105,)
(3,),(-60,),(105,)
(4,),(-61,),(105,)
(4,),(-61,),(105,)
(4,),(-60,),(106,)
(4,),(-60,),(106,)
(4,),(-60,),(106,)
(4,),(-60,),(106,)
(3,),(-60,),(106,)
(3,),(-60,),(106,)
(3,),(-60,),(106,)
(3,),(-59,),(108,)
(3,),(-59,),(108,)
(3,),(-59,),(108,)
(3,),(-59,),(108,)
(3,),(-60,),(106,)
(3,),(-60,),(106,)
(3,),(-60,),(106,)
(3,),(-60,),(106,)
(4,),(-60,),(106,)
(4,),(-60,),(106,)
(4,),(-60,),(106,)
(3,),(-60,),(106,)
(3,),(-60,),(106,)
(3,),(-60,),(106,)
(3,),(-60,),(106,)
(4,),(-59,),(107,)
(4,),(-59,),(107,)
(4,),(-59,),(107,)
(5,),(-61,),(105,)
(5,),(-61,),(105,)
(5,),(-61,),(105,)
(5,),(-61,),(105,)
(3,),(-60,),(105,)
(3,),(-60,),(105,)
(3,),(-60,),(105,)
(3,),(-60,),(105,)
(3,),(-60,),(106,)
(3,),(-60,),(106,)
(3,),(-60,),(106,)
(3,),(-60,),(106,)
(3,),(-60,),(106,)
(3,),(-60,),(106,)
(3,),(-60,),(106,)
(4,),(-61,),(108,)
(4,),(-61,),(108,)
(4,),(-61,),(108,)
(4,),(-61,),(108,)
(3,),(-60,),(108,)
(3,),(-60,),(108,)
(3,),(-60,),(108,)
(3,),(-60,),(108,)
(4,),(-60,),(106,)
(4,),(-60,),(106,)
(4,),(-60,),(106,)
(4,),(-60,),(106,)
(3,),(-59,),(106,)
(3,),(-59,),(106,)
(3,),(-59,),(106,)
(3,),(-61,),(107,)
(3,),(-61,),(107,)
(3,),(-61,),(107,)
(3,),(-61,),(107,)
(4,),(-60,),(107,)
(4,),(-60,),(107,)
(4,),(-60,),(107,)
(4,),(-60,),(107,)
(4,),(-60,),(107,)
(4,),(-60,),(107,)
(4,),(-60,),(107,)
(4,),(-60,),(107,)
(3,),(-60,),(108,)
(3,),(-60,),(108,)
(3,),(-60,),(108,)
(4,),(-60,),(107,)
(4,),(-60,),(107,)
(4,),(-60,),(107,)
(4,),(-60,),(107,)
(4,),(-61,),(107,)
(4,),(-61,),(107,)
(4,),(-61,),(107,)
(4,),(-61,),(107,)
(4,),(-60,),(106,)
(4,),(-60,),(106,)
(4,),(-60,),(106,)
(4,),(-61,),(106,)
(4,),(-61,),(106,)
(4,),(-61,),(106,)
(4,),(-61,),(106,)
(4,),(-60,),(107,)
(4,),(-60,),(107,)
(4,),(-60,),(107,)
(4,),(-60,),(107,)
(3,),(-60,),(109,)
(3,),(-60,),(109,)
(3,),(-60,),(109,)
(3,),(-60,),(109,)
(3,),(-60,),(107,)
(3,),(-60,),(107,)
(3,),(-60,),(107,)
(3,),(-60,),(107,)
(4,),(-61,),(106,)
(4,),(-61,),(106,)
(4,),(-61,),(106,)
(4,),(-61,),(106,)
(4,),(-60,),(106,)
(4,),(-60,),(106,)
(4,),(-60,),(106,)
(4,),(-60,),(106,)
(2,),(-60,),(108,)
(2,),(-60,),(108,)
(2,),(-60,),(108,)
(2,),(-60,),(108,)
(4,),(-60,),(107,)
(4,),(-60,),(107,)
(4,),(-60,),(107,)
(4,),(-60,),(107,)
(4,),(-61,),(105,)
(4,),(-61,),(105,)
(4,),(-61,),(105,)
(4,),(-61,),(105,)
(3,),(-60,),(108,)
(3,),(-60,),(108,)
(3,),(-60,),(108,)
(3,),(-60,),(108,)
(4,),(-59,),(107,)
(4,),(-59,),(107,)
(4,),(-59,),(107,)
(4,),(-59,),(107,)
(4,),(-60,),(106,)
(4,),(-60,),(106,)
(4,),(-60,),(106,)
(4,),(-60,),(106,)
(4,),(-59,),(106,)
(4,),(-59,),(106,)
(4,),(-59,),(106,)
(4,),(-60,),(107,)
(4,),(-60,),(107,)
(4,),(-60,),(107,)
(4,),(-61,),(107,)
(4,),(-61,),(107,)
(4,),(-61,),(107,)
(4,),(-61,),(107,)
(3,),(-61,),(107,)
(3,),(-61,),(107,)
(3,),(-61,),(107,)
(4,),(-61,),(107,)
(4,),(-61,),(107,)
(4,),(-61,),(107,)
(4,),(-61,),(107,)
(4,),(-61,),(108,)
(4,),(-61,),(108,)
(4,),(-61,),(108,)
(4,),(-61,),(108,)
(4,),(-61,),(107,)
(4,),(-61,),(107,)
(4,),(-61,),(107,)
(4,),(-61,),(107,)
(4,),(-60,),(106,)
(4,),(-60,),(106,)
(4,),(-60,),(106,)
(4,),(-61,),(107,)
(4,),(-61,),(107,)
(4,),(-61,),(107,)
(3,),(-60,),(105,)
(3,),(-60,),(105,)
(3,),(-60,),(105,)
(4,),(-60,),(108,)
(4,),(-60,),(108,)
(4,),(-60,),(108,)
(4,),(-60,),(108,)
(3,),(-60,),(108,)
(3,),(-60,),(108,)
(3,),(-60,),(108,)
(3,),(-60,),(108,)
(2,),(-61,),(107,)
(2,),(-61,),(107,)
(2,),(-61,),(107,)
(2,),(-61,),(107,)
(3,),(-60,),(107,)
(3,),(-60,),(107,)
(3,),(-60,),(107,)
(3,),(-60,),(107,)
(4,),(-61,),(108,)
(4,),(-61,),(108,)
(4,),(-61,),(108,)
(4,),(-61,),(108,)
(4,),(-60,),(107,)
(4,),(-60,),(107,)
(4,),(-60,),(107,)
(4,),(-60,),(108,)
(4,),(-60,),(108,)
(4,),(-60,),(108,)
(4,),(-61,),(107,)
(4,),(-61,),(107,)
(4,),(-61,),(107,)
(4,),(-61,),(107,)
(3,),(-61,),(107,)
(3,),(-61,),(107,)
(3,),(-61,),(107,)
(3,),(-61,),(107,)
(3,),(-59,),(106,)
(3,),(-59,),(106,)
(3,),(-59,),(106,)
(3,),(-59,),(106,)
(4,),(-60,),(107,)
(4,),(-60,),(107,)
(4,),(-60,),(107,)
(4,),(-60,),(107,)
(4,),(-59,),(108,)
(4,),(-59,),(108,)
(4,),(-59,),(108,)
(4,),(-59,),(108,)
(4,),(-60,),(108,)
(4,),(-60,),(108,)
(4,),(-60,),(108,)
(4,),(-60,),(108,)
(3,),(-60,),(108,)
(3,),(-60,),(108,)
(3,),(-61,),(106,)
(3,),(-61,),(106,)
(3,),(-61,),(106,)
(3,),(-61,),(106,)
(3,),(-59,),(107,)
(3,),(-59,),(107,)
(3,),(-59,),(107,)
(3,),(-59,),(107,)
(4,),(-61,),(106,)
(4,),(-61,),(106,)
(4,),(-61,),(106,)
(4,),(-61,),(106,)
(4,),(-61,),(107,)
(4,),(-61,),(107,)
(4,),(-61,),(107,)
(4,),(-61,),(107,)
(4,),(-61,),(106,)
(4,),(-61,),(106,)
(4,),(-61,),(106,)
(4,),(-61,),(106,)
(4,),(-60,),(106,)
(4,),(-60,),(106,)
(4,),(-60,),(106,)
(4,),(-60,),(106,)
(3,),(-60,),(107,)
(3,),(-60,),(107,)
(3,),(-60,),(107,)
(4,),(-60,),(107,)
(4,),(-60,),(107,)
(4,),(-60,),(107,)
(4,),(-61,),(106,)
(4,),(-61,),(106,)
(4,),(-61,),(106,)
(4,),(-61,),(106,)
(3,),(-60,),(107,)
(3,),(-60,),(107,)
(3,),(-60,),(107,)
(3,),(-60,),(107,)
(4,),(-60,),(106,)
(4,),(-60,),(106,)
(4,),(-60,),(106,)
(4,),(-60,),(106,)
(3,),(-60,),(107,)
(3,),(-60,),(107,)
(3,),(-60,),(107,)
(3,),(-60,),(107,)
(4,),(-60,),(107,)
(4,),(-60,),(107,)
(4,),(-60,),(107,)
(4,),(-60,),(107,)
(3,),(-60,),(108,)
(3,),(-60,),(108,)
(4,),(-60,),(106,)
(4,),(-60,),(106,)
(4,),(-60,),(106,)
(4,),(-60,),(106,)
(3,),(-60,),(106,)
(3,),(-60,),(106,)
(3,),(-60,),(106,)
(3,),(-60,),(106,)
(4,),(-61,),(106,)
(4,),(-61,),(106,)
(4,),(-61,),(106,)
(4,),(-61,),(106,)
(3,),(-60,),(106,)
(3,),(-60,),(106,)
(3,),(-60,),(106,)
(4,),(-60,),(108,)
(4,),(-60,),(108,)
(4,),(-60,),(108,)
(4,),(-60,),(108,)
(3,),(-60,),(106,)
(3,),(-60,),(106,)
(3,),(-60,),(106,)
(3,),(-60,),(106,)
(3,),(-60,),(106,)
(3,),(-60,),(106,)
(3,),(-60,),(106,)
(4,),(-61,),(108,)
(4,),(-61,),(108,)
(4,),(-61,),(108,)
(5,),(-60,),(107,)
(5,),(-60,),(107,)
(5,),(-60,),(107,)
(5,),(-60,),(107,)
(4,),(-59,),(108,)
(4,),(-59,),(108,)
(4,),(-59,),(108,)
(4,),(-59,),(108,)
(4,),(-59,),(107,)
(4,),(-59,),(107,)
(4,),(-59,),(107,)
(3,),(-60,),(107,)
(3,),(-60,),(107,)
(3,),(-60,),(107,)
(3,),(-60,),(107,)
(3,),(-61,),(106,)
(3,),(-61,),(106,)
(3,),(-61,),(106,)
(3,),(-61,),(106,)
(4,),(-61,),(105,)
(4,),(-61,),(105,)
(4,),(-61,),(105,)
(4,),(-61,),(105,)
(3,),(-61,),(107,)
(3,),(-61,),(107,)
(4,),(-58,),(106,)
(4,),(-58,),(106,)
(4,),(-60,),(107,)
(4,),(-60,),(107,)
(4,),(-60,),(107,)
(4,),(-60,),(107,)
(4,),(-61,),(108,)
(4,),(-61,),(108,)
(4,),(-61,),(108,)
(4,),(-61,),(108,)
(3,),(-61,),(106,)
(3,),(-61,),(106,)
(3,),(-61,),(106,)
(3,),(-60,),(106,)
(3,),(-60,),(106,)
(3,),(-60,),(106,)
(3,),(-60,),(106,)
(3,),(-60,),(108,)
(3,),(-60,),(108,)
(3,),(-60,),(108,)
(3,),(-60,),(108,)
(4,),(-61,),(106,)
(4,),(-61,),(106,)
(4,),(-61,),(106,)
(4,),(-61,),(106,)
(3,),(-61,),(106,)
(3,),(-61,),(106,)
(4,),(-63,),(106,)
(4,),(-63,),(106,)
(4,),(-63,),(106,)
(4,),(-63,),(106,)
(4,),(-60,),(105,)
(4,),(-60,),(105,)
(4,),(-60,),(105,)
(4,),(-60,),(105,)
(4,),(-60,),(107,)
(4,),(-60,),(107,)
(4,),(-60,),(107,)
(4,),(-60,),(107,)
(3,),(-60,),(109,)
(3,),(-60,),(109,)
(3,),(-60,),(109,)
(3,),(-60,),(109,)
(4,),(-60,),(106,)
(4,),(-60,),(106,)
(4,),(-60,),(106,)
(4,),(-60,),(106,)
(4,),(-60,),(108,)
(4,),(-60,),(108,)
(4,),(-60,),(108,)
(4,),(-61,),(108,)
(4,),(-61,),(108,)
(4,),(-61,),(108,)
(4,),(-61,),(108,)
(3,),(-61,),(106,)
(3,),(-61,),(106,)
(3,),(-61,),(106,)
(4,),(-60,),(106,)
(4,),(-60,),(106,)
(4,),(-60,),(106,)
(4,),(-60,),(106,)
(3,),(-61,),(106,)
(3,),(-61,),(106,)
(3,),(-61,),(106,)
(3,),(-61,),(106,)
(3,),(-60,),(107,)
(3,),(-60,),(107,)
(3,),(-60,),(107,)
(3,),(-60,),(107,)
(3,),(-60,),(108,)
(3,),(-60,),(108,)
(3,),(-60,),(108,)
(3,),(-60,),(108,)
(4,),(-61,),(107,)
(4,),(-61,),(107,)
(4,),(-61,),(107,)
(4,),(-61,),(107,)
(4,),(-61,),(106,)
(4,),(-61,),(106,)
(4,),(-61,),(106,)
(4,),(-60,),(105,)
(4,),(-60,),(105,)
(4,),(-60,),(105,)
(3,),(-60,),(107,)
(3,),(-60,),(107,)
(3,),(-60,),(107,)
(3,),(-60,),(107,)
(4,),(-60,),(106,)
(4,),(-60,),(106,)
(4,),(-60,),(106,)
(4,),(-60,),(106,)
(4,),(-61,),(108,)
(4,),(-61,),(108,)
(4,),(-61,),(108,)
(4,),(-61,),(108,)
(3,),(-61,),(107,)
(3,),(-61,),(107,)
(3,),(-61,),(107,)
(4,),(-60,),(106,)
(4,),(-60,),(106,)
(4,),(-60,),(106,)
(4,),(-60,),(106,)
(4,),(-60,),(106,)
(4,),(-60,),(106,)
(4,),(-60,),(106,)
(4,),(-60,),(106,)
(4,),(-60,),(106,)
(4,),(-60,),(106,)
(6,),(-62,),(107,)
(6,),(-62,),(107,)
(6,),(-62,),(107,)
(6,),(-62,),(107,)
(5,),(-60,),(108,)
(5,),(-60,),(108,)
(5,),(-60,),(108,)
(5,),(-60,),(108,)
(4,),(-60,),(108,)
(4,),(-60,),(108,)
(4,),(-60,),(108,)
(4,),(-60,),(108,)
(3,),(-60,),(106,)
(3,),(-60,),(106,)
(3,),(-60,),(106,)
(3,),(-61,),(106,)
(3,),(-61,),(106,)
(3,),(-61,),(106,)
(3,),(-61,),(106,)
(3,),(-60,),(107,)
(3,),(-60,),(107,)
(3,),(-60,),(107,)
(3,),(-60,),(107,)
(4,),(-60,),(107,)
(4,),(-60,),(107,)
(4,),(-60,),(107,)
(4,),(-60,),(107,)
(4,),(-63,),(105,)
(4,),(-63,),(105,)
(4,),(-63,),(105,)
(4,),(-61,),(107,)
(4,),(-61,),(107,)
(4,),(-61,),(107,)
(4,),(-61,),(107,)
(4,),(-60,),(107,)
(4,),(-60,),(107,)
(4,),(-60,),(107,)
(4,),(-60,),(107,)
(4,),(-60,),(105,)
(4,),(-60,),(105,)
(4,),(-60,),(105,)
(4,),(-60,),(105,)
(4,),(-60,),(106,)
(4,),(-60,),(106,)
(4,),(-60,),(106,)
(4,),(-60,),(106,)
(4,),(-60,),(108,)
(4,),(-60,),(108,)
(4,),(-60,),(108,)
(4,),(-60,),(108,)
(4,),(-60,),(108,)
(4,),(-60,),(108,)
(4,),(-60,),(108,)
(4,),(-60,),(108,)
(3,),(-60,),(107,)
(3,),(-60,),(107,)
(2,),(-60,),(107,)
(2,),(-60,),(107,)
(2,),(-60,),(107,)
(2,),(-60,),(107,)
(4,),(-61,),(107,)
(4,),(-61,),(107,)
(4,),(-61,),(107,)
(4,),(-61,),(107,)
(3,),(-60,),(106,)
(3,),(-60,),(106,)
(3,),(-60,),(106,)
(3,),(-60,),(106,)
(4,),(-61,),(107,)
(4,),(-61,),(107,)
(4,),(-61,),(107,)
(4,),(-61,),(107,)
(4,),(-60,),(107,)
(4,),(-60,),(107,)
(4,),(-60,),(107,)
(4,),(-60,),(107,)
(4,),(-60,),(107,)
(4,),(-60,),(107,)
(4,),(-60,),(107,)
(4,),(-60,),(107,)
(3,),(-61,),(107,)
(3,),(-61,),(107,)
(3,),(-61,),(107,)
(4,),(-60,),(107,)
(4,),(-60,),(107,)
(4,),(-60,),(107,)
(3,),(-61,),(106,)
(3,),(-61,),(106,)
(3,),(-61,),(106,)
(3,),(-61,),(106,)
(5,),(-61,),(107,)
(5,),(-61,),(107,)
(5,),(-61,),(107,)
(5,),(-61,),(107,)
(4,),(-60,),(107,)
(4,),(-60,),(107,)
(4,),(-60,),(107,)
(4,),(-60,),(107,)
(3,),(-60,),(108,)
(3,),(-60,),(108,)
(3,),(-60,),(108,)
(3,),(-60,),(108,)
(4,),(-61,),(107,)
(4,),(-61,),(107,)
(4,),(-61,),(107,)
(4,),(-61,),(107,)
(3,),(-59,),(106,)
(3,),(-59,),(106,)
(4,),(-60,),(108,)
(4,),(-62,),(104,)
(4,),(-62,),(104,)
(4,),(-62,),(104,)
(4,),(-62,),(104,)
(3,),(-60,),(108,)
(3,),(-60,),(108,)
(3,),(-60,),(108,)
(3,),(-60,),(108,)
(3,),(-60,),(108,)
(3,),(-60,),(108,)
(3,),(-60,),(108,)
(3,),(-60,),(108,)
(3,),(-59,),(107,)
(3,),(-59,),(107,)
(3,),(-59,),(107,)
(3,),(-59,),(107,)
(3,),(-59,),(107,)
(3,),(-59,),(107,)
(3,),(-59,),(107,)
(4,),(-61,),(107,)
(4,),(-61,),(107,)
(4,),(-61,),(107,)
(4,),(-61,),(107,)
(4,),(-60,),(107,)
(4,),(-60,),(107,)
(4,),(-60,),(107,)
(3,),(-60,),(106,)
(3,),(-60,),(106,)
(3,),(-60,),(106,)
(5,),(-60,),(107,)
(5,),(-60,),(107,)
(5,),(-60,),(107,)
(5,),(-60,),(107,)
(2,),(-61,),(106,)
(2,),(-61,),(106,)
(2,),(-61,),(106,)
(2,),(-61,),(106,)
(3,),(-60,),(108,)
(3,),(-60,),(108,)
(3,),(-60,),(108,)
(3,),(-60,),(108,)
(4,),(-60,),(107,)
(4,),(-60,),(107,)
(4,),(-60,),(107,)
(4,),(-60,),(107,)
(4,),(-61,),(106,)
(4,),(-61,),(106,)
(4,),(-61,),(106,)
(3,),(-60,),(106,)
(3,),(-60,),(106,)
(3,),(-60,),(106,)
(3,),(-60,),(106,)
(4,),(-60,),(107,)
(4,),(-60,),(107,)
(4,),(-60,),(107,)
(4,),(-60,),(108,)
(4,),(-60,),(108,)
(4,),(-60,),(108,)
(5,),(-60,),(107,)
(5,),(-60,),(107,)
(5,),(-60,),(107,)
(5,),(-60,),(107,)
(4,),(-60,),(107,)
(4,),(-60,),(107,)
(4,),(-60,),(107,)
(4,),(-60,),(107,)
(3,),(-60,),(107,)
(3,),(-60,),(107,)
(3,),(-60,),(107,)
(3,),(-60,),(107,)
(2,),(-60,),(107,)
(2,),(-60,),(107,)
(2,),(-60,),(107,)
(2,),(-60,),(107,)
(4,),(-61,),(107,)
(4,),(-61,),(107,)
(4,),(-61,),(107,)
(4,),(-61,),(107,)
(4,),(-61,),(106,)
(4,),(-61,),(106,)
(4,),(-61,),(107,)
(4,),(-61,),(107,)
(4,),(-61,),(107,)
(4,),(-61,),(107,)
(4,),(-60,),(108,)
(4,),(-60,),(108,)
(4,),(-60,),(108,)
(4,),(-60,),(108,)
(4,),(-61,),(107,)
(4,),(-61,),(107,)
(4,),(-61,),(107,)
(4,),(-61,),(107,)
(4,),(-60,),(106,)
(4,),(-60,),(106,)
(4,),(-60,),(106,)
(4,),(-60,),(106,)
(4,),(-60,),(107,)
(4,),(-60,),(107,)
(4,),(-60,),(107,)
(4,),(-60,),(107,)
(4,),(-61,),(106,)
(4,),(-61,),(106,)
(4,),(-61,),(106,)
(4,),(-61,),(106,)
(3,),(-59,),(107,)
(3,),(-59,),(107,)
(2,),(-59,),(104,)
(2,),(-59,),(104,)
(2,),(-59,),(104,)
(2,),(-59,),(104,)
(4,),(-60,),(108,)
(4,),(-60,),(108,)
(4,),(-60,),(108,)
(4,),(-60,),(108,)
(3,),(-61,),(107,)
(3,),(-61,),(107,)
(3,),(-61,),(107,)
(3,),(-61,),(107,)
(3,),(-60,),(108,)
(3,),(-60,),(108,)
(3,),(-60,),(108,)
(3,),(-60,),(108,)
(3,),(-60,),(107,)
(3,),(-60,),(107,)
(3,),(-60,),(107,)
(3,),(-60,),(107,)
(5,),(-59,),(107,)
(5,),(-59,),(107,)
(5,),(-59,),(107,)
(5,),(-59,),(107,)
(4,),(-60,),(107,)
(4,),(-60,),(107,)
(4,),(-60,),(107,)
(3,),(-61,),(107,)
(3,),(-61,),(107,)
(3,),(-61,),(107,)
(3,),(-61,),(107,)
(3,),(-59,),(106,)
(3,),(-59,),(106,)
(3,),(-59,),(106,)
(3,),(-60,),(107,)
(3,),(-60,),(107,)
(3,),(-60,),(107,)
(3,),(-60,),(107,)
(4,),(-61,),(107,)
(4,),(-61,),(107,)
(4,),(-61,),(107,)
(4,),(-61,),(107,)
(4,),(-61,),(106,)
(4,),(-61,),(106,)
(4,),(-61,),(106,)
(4,),(-61,),(106,)
(3,),(-60,),(106,)
(3,),(-60,),(106,)
(3,),(-60,),(106,)
(3,),(-61,),(107,)
(3,),(-61,),(107,)
(3,),(-61,),(107,)
(3,),(-61,),(107,)
(4,),(-60,),(106,)
(4,),(-60,),(106,)
(3,),(-59,),(108,)
(3,),(-59,),(108,)
(3,),(-59,),(108,)
(3,),(-59,),(108,)
(2,),(-59,),(106,)
(2,),(-59,),(106,)
(2,),(-59,),(106,)
(2,),(-59,),(106,)
(3,),(-60,),(106,)
(3,),(-60,),(106,)
(3,),(-60,),(106,)
(3,),(-60,),(106,)
(3,),(-60,),(107,)
(3,),(-60,),(107,)
(3,),(-60,),(107,)
(3,),(-60,),(107,)
(4,),(-60,),(106,)
(4,),(-60,),(106,)
(4,),(-60,),(106,)
(4,),(-60,),(106,)
(3,),(-59,),(107,)
(3,),(-59,),(107,)
(3,),(-59,),(107,)
(4,),(-60,),(106,)
(4,),(-60,),(106,)
(4,),(-60,),(106,)
(4,),(-60,),(106,)
(4,),(-60,),(106,)
(4,),(-60,),(106,)
(4,),(-60,),(106,)
(4,),(-61,),(105,)
(4,),(-61,),(105,)
(4,),(-61,),(105,)
(4,),(-61,),(105,)
(3,),(-61,),(108,)
(3,),(-61,),(108,)
(3,),(-61,),(108,)
(3,),(-61,),(108,)
(4,),(-60,),(107,)
(4,),(-60,),(107,)
(4,),(-60,),(107,)
(4,),(-61,),(105,)
(4,),(-61,),(105,)
(4,),(-61,),(105,)
(4,),(-61,),(105,)
(3,),(-59,),(107,)
(3,),(-59,),(107,)
(3,),(-59,),(107,)
(3,),(-59,),(107,)
(3,),(-59,),(107,)
(3,),(-59,),(107,)
(3,),(-59,),(107,)
(3,),(-59,),(107,)
(3,),(-61,),(108,)
(3,),(-61,),(108,)
(3,),(-61,),(108,)
(3,),(-61,),(108,)
(5,),(-60,),(107,)
(5,),(-60,),(107,)
(5,),(-60,),(107,)
(5,),(-60,),(107,)
(4,),(-60,),(105,)
(4,),(-60,),(105,)
(4,),(-60,),(105,)
(4,),(-60,),(106,)
(4,),(-60,),(106,)
(4,),(-60,),(106,)
(4,),(-60,),(106,)
(4,),(-61,),(107,)
(4,),(-61,),(107,)
(4,),(-61,),(107,)
(4,),(-61,),(107,)
(4,),(-60,),(106,)
(4,),(-60,),(106,)
(4,),(-60,),(106,)
(4,),(-60,),(106,)
(2,),(-60,),(106,)
(2,),(-60,),(106,)
(2,),(-60,),(106,)
(2,),(-60,),(106,)
(6,),(-61,),(109,)
(6,),(-61,),(109,)
(6,),(-61,),(109,)
(3,),(-59,),(106,)
(3,),(-59,),(106,)
(3,),(-59,),(106,)
(3,),(-59,),(106,)
(4,),(-60,),(105,)
(4,),(-60,),(105,)
(4,),(-60,),(105,)
(4,),(-60,),(105,)
(3,),(-61,),(106,)
(3,),(-61,),(106,)
(3,),(-61,),(106,)
(3,),(-61,),(106,)
(3,),(-60,),(107,)
(3,),(-60,),(107,)
(3,),(-60,),(107,)
(3,),(-60,),(107,)
(4,),(-60,),(107,)
(4,),(-60,),(107,)
(4,),(-60,),(107,)
(4,),(-60,),(107,)
(2,),(-59,),(106,)
(2,),(-59,),(106,)
(2,),(-59,),(106,)
(2,),(-59,),(106,)
(3,),(-60,),(106,)
(3,),(-60,),(106,)
(4,),(-60,),(106,)
(4,),(-60,),(106,)
(4,),(-60,),(106,)
(4,),(-60,),(106,)
(4,),(-61,),(106,)
(4,),(-61,),(106,)
(4,),(-61,),(106,)
(4,),(-61,),(106,)
(4,),(-60,),(108,)
(4,),(-60,),(108,)
(4,),(-60,),(108,)
(4,),(-60,),(108,)
(4,),(-60,),(106,)
(4,),(-60,),(106,)
(4,),(-60,),(106,)
(4,),(-60,),(106,)
(4,),(-61,),(108,)
(4,),(-61,),(108,)
(4,),(-61,),(108,)
(4,),(-61,),(108,)
(4,),(-60,),(108,)
(4,),(-60,),(108,)
(4,),(-60,),(108,)
(4,),(-60,),(107,)
(4,),(-60,),(107,)
(4,),(-60,),(107,)
(4,),(-60,),(107,)
(4,),(-60,),(107,)
(4,),(-60,),(107,)
(4,),(-60,),(107,)
(4,),(-61,),(106,)
(4,),(-61,),(106,)
(4,),(-61,),(106,)
(3,),(-60,),(106,)
(3,),(-60,),(106,)
(3,),(-60,),(106,)
(3,),(-60,),(106,)
(3,),(-61,),(106,)
(3,),(-61,),(106,)
(3,),(-61,),(106,)
(3,),(-61,),(106,)
(3,),(-61,),(106,)
(3,),(-61,),(106,)
(3,),(-61,),(106,)
(3,),(-61,),(106,)
(3,),(-59,),(106,)
(3,),(-59,),(106,)
(3,),(-59,),(106,)
(3,),(-59,),(106,)
(4,),(-60,),(108,)
(4,),(-60,),(108,)
(4,),(-60,),(108,)
(4,),(-61,),(107,)
(4,),(-61,),(107,)
(4,),(-61,),(107,)
(3,),(-60,),(106,)
(3,),(-60,),(106,)
(3,),(-60,),(106,)
(3,),(-60,),(106,)
(4,),(-60,),(107,)
(4,),(-60,),(107,)
(4,),(-60,),(107,)
(4,),(-60,),(107,)
(4,),(-61,),(107,)
(4,),(-61,),(107,)
(4,),(-61,),(107,)
(4,),(-61,),(107,)
(4,),(-60,),(106,)
(4,),(-60,),(106,)
(4,),(-60,),(106,)
(4,),(-60,),(106,)
(3,),(-61,),(106,)
(3,),(-61,),(106,)
(3,),(-61,),(106,)
(4,),(-60,),(106,)
(4,),(-60,),(106,)
(4,),(-60,),(106,)
(4,),(-60,),(106,)
(3,),(-60,),(107,)
(3,),(-60,),(107,)
(3,),(-60,),(107,)
(4,),(-60,),(107,)
(4,),(-60,),(107,)
(4,),(-60,),(107,)
(4,),(-60,),(107,)
(3,),(-60,),(106,)
(3,),(-60,),(106,)
(3,),(-60,),(106,)
(3,),(-60,),(106,)
(3,),(-59,),(106,)
(3,),(-59,),(106,)
(3,),(-59,),(106,)
(3,),(-60,),(107,)
(3,),(-60,),(107,)
(3,),(-60,),(107,)
(3,),(-60,),(107,)
(4,),(-60,),(107,)
(4,),(-60,),(107,)
(4,),(-60,),(107,)
(4,),(-60,),(107,)
(4,),(-60,),(106,)
(4,),(-60,),(106,)
(4,),(-60,),(106,)
(4,),(-60,),(106,)
(3,),(-60,),(108,)
(3,),(-60,),(108,)
(3,),(-60,),(108,)
(3,),(-62,),(106,)
(3,),(-62,),(106,)
(3,),(-62,),(106,)
(3,),(-62,),(106,)
(3,),(-60,),(108,)
(3,),(-60,),(108,)
(3,),(-60,),(108,)
(3,),(-60,),(108,)
(4,),(-60,),(107,)
(4,),(-60,),(107,)
(4,),(-60,),(107,)
(4,),(-60,),(107,)
(3,),(-59,),(107,)
(3,),(-59,),(107,)
(3,),(-59,),(107,)
(4,),(-60,),(107,)
(4,),(-60,),(107,)
(4,),(-60,),(107,)
(4,),(-60,),(107,)
(3,),(-60,),(107,)
(3,),(-60,),(107,)
(3,),(-60,),(107,)
(3,),(-60,),(107,)
(4,),(-60,),(107,)
(4,),(-60,),(107,)
(4,),(-60,),(107,)
(2,),(-61,),(106,)
(2,),(-61,),(106,)
(2,),(-61,),(106,)
(2,),(-61,),(106,)
(4,),(-60,),(107,)
(4,),(-60,),(107,)
(4,),(-60,),(107,)
(4,),(-60,),(107,)
(4,),(-60,),(108,)
(4,),(-60,),(108,)
(4,),(-60,),(108,)
(4,),(-60,),(108,)
(4,),(-60,),(106,)
(4,),(-60,),(106,)
(4,),(-60,),(106,)
(4,),(-60,),(106,)
(3,),(-60,),(106,)
(3,),(-60,),(106,)
(3,),(-60,),(106,)
(4,),(-60,),(106,)
(4,),(-60,),(106,)
(4,),(-60,),(106,)
(4,),(-60,),(106,)
(4,),(-60,),(108,)
(4,),(-60,),(108,)
(4,),(-60,),(108,)
(3,),(-61,),(107,)
(4,),(-61,),(105,)
(4,),(-61,),(105,)
(4,),(-61,),(105,)
(4,),(-59,),(106,)
(4,),(-59,),(106,)
(4,),(-59,),(106,)
(4,),(-59,),(106,)
(4,),(-60,),(106,)
(4,),(-60,),(106,)
(4,),(-60,),(106,)
(3,),(-59,),(107,)
(3,),(-59,),(107,)
(3,),(-59,),(107,)
(3,),(-59,),(107,)
(4,),(-61,),(107,)
(4,),(-61,),(107,)
(4,),(-61,),(107,)
(4,),(-61,),(107,)
(3,),(-60,),(108,)
(3,),(-60,),(108,)
(3,),(-60,),(108,)
(3,),(-60,),(108,)
(3,),(-60,),(107,)
(3,),(-60,),(107,)
(3,),(-60,),(107,)
(3,),(-60,),(107,)
(3,),(-59,),(106,)
(3,),(-59,),(106,)
(4,),(-61,),(106,)
(4,),(-61,),(106,)
(4,),(-61,),(106,)
(4,),(-61,),(106,)
(4,),(-60,),(106,)
(4,),(-60,),(106,)
(4,),(-60,),(106,)
(4,),(-60,),(106,)
(4,),(-60,),(107,)
(4,),(-60,),(107,)
(4,),(-60,),(107,)
(4,),(-60,),(107,)
(3,),(-59,),(107,)
(3,),(-59,),(107,)
(3,),(-59,),(107,)
(3,),(-59,),(107,)
(4,),(-60,),(107,)
(4,),(-60,),(107,)
(4,),(-60,),(107,)
(4,),(-60,),(107,)
(3,),(-60,),(107,)
(3,),(-60,),(107,)
(3,),(-60,),(107,)
(3,),(-60,),(107,)
(3,),(-60,),(108,)
(3,),(-60,),(108,)
(2,),(-60,),(105,)
(2,),(-60,),(105,)
(2,),(-60,),(105,)
(2,),(-60,),(105,)
(4,),(-61,),(106,)
(4,),(-61,),(106,)
(4,),(-61,),(106,)
(4,),(-61,),(106,)
(4,),(-59,),(107,)
(4,),(-59,),(107,)
(4,),(-59,),(107,)
(3,),(-60,),(107,)
(3,),(-60,),(107,)
(3,),(-60,),(107,)
(3,),(-60,),(107,)
(4,),(-61,),(108,)
(4,),(-61,),(108,)
(4,),(-61,),(108,)
(4,),(-61,),(108,)
(3,),(-59,),(107,)
(3,),(-59,),(107,)
(3,),(-59,),(107,)
(3,),(-59,),(107,)
(4,),(-60,),(107,)
(4,),(-60,),(107,)
(4,),(-60,),(107,)
(4,),(-60,),(107,)
(4,),(-60,),(107,)
(4,),(-60,),(107,)
(4,),(-61,),(106,)
(4,),(-61,),(106,)
(4,),(-61,),(106,)
(4,),(-61,),(106,)
(4,),(-60,),(105,)
(4,),(-60,),(105,)
(4,),(-60,),(105,)
(4,),(-60,),(105,)
(3,),(-61,),(105,)
(3,),(-61,),(105,)
(3,),(-61,),(105,)
(3,),(-61,),(105,)
(3,),(-59,),(107,)
(3,),(-59,),(107,)
(3,),(-59,),(107,)
(3,),(-59,),(107,)
(3,),(-60,),(107,)
(3,),(-60,),(107,)
(3,),(-60,),(107,)
(3,),(-60,),(107,)
(4,),(-61,),(108,)
(4,),(-61,),(108,)
(4,),(-61,),(108,)
(4,),(-61,),(108,)
(5,),(-60,),(107,)
(5,),(-60,),(107,)
(5,),(-60,),(107,)
(4,),(-61,),(106,)
(4,),(-61,),(106,)
(4,),(-61,),(106,)
(4,),(-61,),(106,)
(4,),(-61,),(106,)
(4,),(-61,),(106,)
(4,),(-61,),(106,)
(3,),(-60,),(107,)
(3,),(-60,),(107,)
(3,),(-60,),(107,)
(3,),(-60,),(107,)
(4,),(-60,),(107,)
(4,),(-60,),(107,)
(4,),(-60,),(107,)
(4,),(-60,),(107,)
(3,),(-60,),(106,)
(3,),(-60,),(106,)
(3,),(-60,),(106,)
(3,),(-60,),(106,)
(4,),(-60,),(108,)
(4,),(-60,),(108,)
(4,),(-60,),(108,)
(4,),(-60,),(108,)
(3,),(-61,),(106,)
(3,),(-61,),(106,)
(3,),(-61,),(106,)
(4,),(-60,),(106,)
(4,),(-60,),(106,)
(4,),(-60,),(106,)
(4,),(-60,),(107,)
(4,),(-60,),(107,)
(4,),(-60,),(107,)
(4,),(-60,),(107,)
(4,),(-61,),(108,)
(4,),(-61,),(108,)
(4,),(-61,),(108,)
(4,),(-61,),(108,)
(3,),(-60,),(105,)
(3,),(-60,),(105,)
(3,),(-60,),(105,)
(3,),(-60,),(105,)
(4,),(-60,),(107,)
(4,),(-60,),(107,)
(4,),(-60,),(107,)
(4,),(-60,),(107,)
(3,),(-60,),(106,)
(3,),(-60,),(106,)
(3,),(-60,),(106,)
(3,),(-60,),(107,)
(3,),(-60,),(107,)
(3,),(-60,),(107,)
(3,),(-60,),(105,)
(3,),(-60,),(105,)
(3,),(-60,),(105,)
(4,),(-60,),(106,)
(4,),(-60,),(106,)
(4,),(-60,),(106,)
(4,),(-60,),(106,)
(3,),(-60,),(107,)
(3,),(-60,),(107,)
(3,),(-60,),(107,)
(3,),(-60,),(107,)
(4,),(-61,),(107,)
(4,),(-61,),(107,)
(4,),(-61,),(107,)
(4,),(-61,),(107,)
(3,),(-60,),(105,)
(3,),(-60,),(105,)
(3,),(-60,),(105,)
(3,),(-60,),(105,)
(4,),(-60,),(106,)
(4,),(-60,),(106,)
(4,),(-60,),(106,)
(4,),(-60,),(106,)
(3,),(-60,),(109,)
(3,),(-60,),(109,)
(3,),(-60,),(109,)
(3,),(-60,),(109,)
(5,),(-59,),(106,)
(5,),(-59,),(106,)
(5,),(-59,),(106,)
(3,),(-61,),(107,)
(3,),(-61,),(107,)
(3,),(-61,),(107,)
(3,),(-61,),(107,)
(4,),(-60,),(107,)
(4,),(-60,),(107,)
(4,),(-60,),(107,)
(4,),(-60,),(107,)
(4,),(-60,),(106,)
(4,),(-60,),(106,)
(4,),(-60,),(106,)
(4,),(-60,),(106,)
(3,),(-60,),(108,)
(3,),(-60,),(108,)
(3,),(-60,),(108,)
(3,),(-60,),(108,)
(3,),(-59,),(107,)
(3,),(-59,),(107,)
(3,),(-59,),(107,)
(3,),(-60,),(106,)
(3,),(-60,),(106,)
(3,),(-60,),(106,)
(3,),(-60,),(106,)
(3,),(-60,),(106,)
(5,),(-63,),(105,)
(5,),(-63,),(105,)
(5,),(-63,),(105,)
(4,),(-61,),(107,)
(4,),(-61,),(107,)
(4,),(-61,),(107,)
(4,),(-61,),(107,)
(4,),(-60,),(108,)
(4,),(-60,),(108,)
(4,),(-60,),(108,)
(4,),(-60,),(108,)
(3,),(-60,),(108,)
(3,),(-60,),(108,)
(3,),(-60,),(108,)
(3,),(-60,),(108,)
(4,),(-60,),(106,)
(4,),(-60,),(106,)
(4,),(-60,),(106,)
(4,),(-60,),(106,)
(3,),(-60,),(107,)
(3,),(-60,),(107,)
(3,),(-60,),(107,)
(3,),(-60,),(107,)
(4,),(-61,),(106,)
(4,),(-61,),(106,)
(4,),(-61,),(106,)
(4,),(-61,),(106,)
